111 111 111 111 000 000 111 111 111 111 000
111 111 111 111 000 000 111 111 111 111 000
110 000 000 000 000 000 110 000 000 011 000
110 000 000 000 000 000 110 000 000 011 000
110 000 000 000 000 000 110 000 000 011 000
110 000 000 000 000 000 110 000 000 011 000
110 000 000 000 000 000 110 000 000 011 000
110 000 000 000 000 000 110 000 000 011 000
110 000 000 000 000 000 110 000 000 011 000
110 000 000 000 000 000 110 000 000 011 000
110 000 111 111 000 000 110 000 000 011 000
110 000 111 111 000 000 110 000 000 011 000
110 000 000 011 000 000 110 000 000 011 000
110 000 000 011 000 000 110 000 000 011 000
110 000 000 011 000 000 110 000 000 011 000
110 000 000 011 000 000 110 000 000 011 000
110 000 000 011 000 000 110 000 000 011 000
110 100 000 011 000 000 110 000 000 011 000
111 111 111 111 000 000 111 111 111 111 000
111 111 111 111 000 000 111 111 111 111 000